{
 "cells": [
  {
   "cell_type": "markdown",
   "metadata": {},
   "source": [
    "# Visibility Simulator Examples"
   ]
  },
  {
   "cell_type": "markdown",
   "metadata": {},
   "source": [
    "Although ``hera_sim`` is primarily aimed at simulating instrumental effects _on top_ of existing visibility simulations, it also provides a neat interface to several visibility simulators.\n",
    "\n",
    "It does so through the base class ``VisibilitySimulator``, which sets a standard API from which all simulators must derive."
   ]
  },
  {
   "cell_type": "markdown",
   "metadata": {},
   "source": [
    "## VisCPU"
   ]
  },
  {
   "cell_type": "code",
   "execution_count": 1,
   "metadata": {
    "ExecuteTime": {
     "end_time": "2019-04-18T15:54:41.314781Z",
     "start_time": "2019-04-18T15:54:39.652873Z"
    }
   },
   "outputs": [],
   "source": [
    "from hera_sim.visibilities import VisCPU, HealVis\n",
    "from hera_sim import io\n",
    "import numpy as np\n",
    "import healpy\n",
    "import matplotlib.pyplot as plt\n",
    "import itertools\n",
    "from pyuvsim.analyticbeam import AnalyticBeam\n",
    "\n",
    "%matplotlib inline\n",
    "\n",
    "%load_ext autoreload\n",
    "%autoreload 2"
   ]
  },
  {
   "cell_type": "code",
   "execution_count": 10,
   "metadata": {
    "ExecuteTime": {
     "end_time": "2019-04-18T15:56:23.471806Z",
     "start_time": "2019-04-18T15:56:23.426607Z"
    }
   },
   "outputs": [],
   "source": [
    "def plot_blts(simulator):\n",
    "    fig, ax = plt.subplots(2, 1, sharex=True, \n",
    "                           subplot_kw={\"ylabel\":\"|Visibility| [Jy]\"})\n",
    "\n",
    "    for i in simulator.uvdata.antenna_numbers:\n",
    "        auto_ind = simulator.uvdata.antpair2ind((i,i))\n",
    "\n",
    "        ax[0].plot(np.unique(simulator.uvdata.lst_array), np.abs(simulator.uvdata.data_array[auto_ind, 0, 0, 0]), label=\"ant_{}\".format(i))\n",
    "\n",
    "        for j in simulator.uvdata.antenna_numbers[(i+1):]:\n",
    "            cross_ind = simulator.uvdata.antpair2ind((i,j))\n",
    "            ax[1].plot(np.unique(simulator.uvdata.lst_array), np.abs(simulator.uvdata.data_array[cross_ind, 0, 0, 0]), label=\"bl({},{})\".format(i,j))\n",
    "\n",
    "    ax[0].legend()\n",
    "    ax[1].legend()\n",
    "    ax[0].set_title(\"Autocorrelations\")\n",
    "    ax[1].set_title(\"Cross-Correlations\")\n",
    "    ax[1].set_xlabel(\"LST\");"
   ]
  },
  {
   "cell_type": "markdown",
   "metadata": {},
   "source": [
    "``VisCPU`` natively deals with diffuse emission, and the ``VisibilitySimulator`` uses ``healpix`` maps to represent such emission:"
   ]
  },
  {
   "cell_type": "code",
   "execution_count": 3,
   "metadata": {
    "ExecuteTime": {
     "end_time": "2019-04-18T15:54:43.444807Z",
     "start_time": "2019-04-18T15:54:43.421559Z"
    }
   },
   "outputs": [],
   "source": [
    "NSIDE = 2**5\n",
    "NPIX = 12 * NSIDE**2 # this is the number of pixels a healpix map has for  given NSIDE\n",
    "\n",
    "# Create a pure white noise sky\n",
    "sky_intensity = np.array([np.random.normal(100, 0.01, size=NPIX)]*5)"
   ]
  },
  {
   "cell_type": "markdown",
   "metadata": {},
   "source": [
    "Other than the sky model (we'll revisit this soon), the ``VisibilitySimulator`` requires a ``UVData`` object to specify the observation parameters, as well as a list of ``UVBeam``s to specify the beams for each antenna. This makes it fully consistent with the interface provided by ``pyuvsim``, and many of the methods found in ``pyuvsim`` for creating ``UVData`` objects and ``UVBeam`` objects from YAML specifications can be used here. Indeed, a dictionary of so-called ``obsparams``, or a file-name for an appropriate YAML file, can be passed in lieu of the ``UVData`` and ``UVBeam``. \n",
    "\n",
    "For simplicity, let us simply use the native ``empty_uvdata`` function instead:"
   ]
  },
  {
   "cell_type": "code",
   "execution_count": 6,
   "metadata": {
    "ExecuteTime": {
     "end_time": "2019-04-18T15:55:28.530589Z",
     "start_time": "2019-04-18T15:55:28.428067Z"
    }
   },
   "outputs": [],
   "source": [
    "def myuvdata():\n",
    "    return io.empty_uvdata(\n",
    "        nfreq = 5,\n",
    "        ntimes= 10,\n",
    "        ants = {\n",
    "            0: (0,0,0),\n",
    "            1: (20,20,0),\n",
    "            2: (-20,20,0),\n",
    "        },\n",
    "        antpairs = sum([[(a,b) for a in range(3)] for b in range(3)], [])\n",
    "    )\n",
    "\n",
    "freqs = np.unique(myuvdata().freq_array)"
   ]
  },
  {
   "cell_type": "code",
   "execution_count": 7,
   "metadata": {
    "ExecuteTime": {
     "end_time": "2019-04-18T15:55:33.518013Z",
     "start_time": "2019-04-18T15:55:33.452084Z"
    }
   },
   "outputs": [],
   "source": [
    "simulator = VisCPU(\n",
    "    uvdata = myuvdata(),\n",
    "    sky_intensity = sky_intensity,\n",
    "    sky_freqs = freqs,\n",
    ")"
   ]
  },
  {
   "cell_type": "code",
   "execution_count": 31,
   "metadata": {
    "ExecuteTime": {
     "end_time": "2019-04-18T15:52:22.621480Z",
     "start_time": "2019-04-18T15:52:22.589469Z"
    }
   },
   "outputs": [],
   "source": [
    "crdeq= simulator.get_crd_eq()"
   ]
  },
  {
   "cell_type": "code",
   "execution_count": 32,
   "metadata": {
    "ExecuteTime": {
     "end_time": "2019-04-18T15:52:23.064506Z",
     "start_time": "2019-04-18T15:52:23.039010Z"
    }
   },
   "outputs": [
    {
     "data": {
      "text/plain": [
       "12288.0"
      ]
     },
     "execution_count": 32,
     "metadata": {},
     "output_type": "execute_result"
    }
   ],
   "source": [
    "np.sum(crdeq[2])"
   ]
  },
  {
   "cell_type": "code",
   "execution_count": 12,
   "metadata": {
    "ExecuteTime": {
     "end_time": "2019-04-18T15:56:52.725466Z",
     "start_time": "2019-04-18T15:56:52.342959Z"
    }
   },
   "outputs": [
    {
     "name": "stderr",
     "output_type": "stream",
     "text": [
      "invalid value encountered in sqrt\n"
     ]
    },
    {
     "name": "stdout",
     "output_type": "stream",
     "text": [
      "('adding ', array([[[ 5.54646875e+05-3.41584127e-05j,\n",
      "         -5.95905225e+03-3.15094751e+03j,\n",
      "         -8.39127808e+02+8.73521094e+03j],\n",
      "        [-5.95905225e+03+3.15094751e+03j,\n",
      "          5.54646875e+05-1.18322016e-04j,\n",
      "          3.41967773e+01-6.19927734e+02j],\n",
      "        [-8.39127808e+02-8.73521094e+03j,\n",
      "          3.41967773e+01+6.19927734e+02j,\n",
      "          5.54646875e+05-0.00000000e+00j]],\n",
      "\n",
      "       [[ 5.54633500e+05-2.78168718e-05j,\n",
      "          2.90350049e+03+6.48450488e+03j,\n",
      "         -4.88530127e+03-1.29863513e+03j],\n",
      "        [ 2.90350049e+03-6.48450488e+03j,\n",
      "          5.54633500e+05+5.75771310e-06j,\n",
      "         -2.26000977e+03+4.00509216e+02j],\n",
      "        [-4.88530127e+03+1.29863513e+03j,\n",
      "         -2.26000977e+03-4.00509216e+02j,\n",
      "          5.54633500e+05-0.00000000e+00j]],\n",
      "\n",
      "       [[ 5.54624000e+05+7.38185408e-05j,\n",
      "          2.52929785e+03+6.62891016e+03j,\n",
      "          7.39811279e+03+2.59361206e+02j],\n",
      "        [ 2.52929785e+03-6.62891016e+03j,\n",
      "          5.54624000e+05+2.59646222e-05j,\n",
      "          3.93492480e+03-3.38905371e+03j],\n",
      "        [ 7.39811279e+03-2.59361206e+02j,\n",
      "          3.93492480e+03+3.38905371e+03j,\n",
      "          5.54624062e+05-0.00000000e+00j]],\n",
      "\n",
      "       [[ 5.54618625e+05-7.66084577e-06j,\n",
      "          9.08744922e+03-6.71664160e+03j,\n",
      "          9.55718359e+03+3.59255249e+03j],\n",
      "        [ 9.08744922e+03+6.71664160e+03j,\n",
      "          5.54618562e+05-2.41217313e-05j,\n",
      "         -1.59071252e+03+7.55458252e+02j],\n",
      "        [ 9.55718359e+03-3.59255249e+03j,\n",
      "         -1.59071252e+03-7.55458252e+02j,\n",
      "          5.54618625e+05-0.00000000e+00j]],\n",
      "\n",
      "       [[ 5.54614438e+05+3.58813159e-05j,\n",
      "         -5.95665088e+03-4.55699585e+02j,\n",
      "         -8.84025513e+02-8.00778223e+03j],\n",
      "        [-5.95665088e+03+4.55699585e+02j,\n",
      "          5.54614438e+05-9.28943700e-05j,\n",
      "         -3.93477148e+03+4.25871777e+03j],\n",
      "        [-8.84025513e+02+8.00778223e+03j,\n",
      "         -3.93477148e+03-4.25871777e+03j,\n",
      "          5.54614500e+05-0.00000000e+00j]],\n",
      "\n",
      "       [[ 5.54616625e+05+1.11076060e-05j,\n",
      "         -1.53516650e+03-3.87174438e+03j,\n",
      "         -3.69569946e+02-4.97590137e+03j],\n",
      "        [-1.53516650e+03+3.87174438e+03j,\n",
      "          5.54616625e+05+4.50284933e-05j,\n",
      "          1.24862852e+04+5.37412012e+03j],\n",
      "        [-3.69569946e+02+4.97590137e+03j,\n",
      "          1.24862852e+04-5.37412012e+03j,\n",
      "          5.54616688e+05-0.00000000e+00j]],\n",
      "\n",
      "       [[ 5.54621500e+05+4.86487261e-06j,\n",
      "          8.24179102e+03+7.31031201e+03j,\n",
      "          7.63962061e+03+1.84216235e+03j],\n",
      "        [ 8.24179102e+03-7.31031201e+03j,\n",
      "          5.54621500e+05+2.18672139e-05j,\n",
      "         -9.18560938e+03+1.20963867e+04j],\n",
      "        [ 7.63962061e+03-1.84216235e+03j,\n",
      "         -9.18560938e+03-1.20963867e+04j,\n",
      "          5.54621500e+05-0.00000000e+00j]],\n",
      "\n",
      "       [[ 5.54619750e+05-7.11214852e-06j,\n",
      "          1.00020593e+03-8.12894971e+03j,\n",
      "         -8.86854688e+03-2.65110107e+02j],\n",
      "        [ 1.00020593e+03+8.12894971e+03j,\n",
      "          5.54619750e+05+1.16260089e-05j,\n",
      "         -7.36754102e+03+7.57930420e+03j],\n",
      "        [-8.86854688e+03+2.65110107e+02j,\n",
      "         -7.36754102e+03-7.57930420e+03j,\n",
      "          5.54619875e+05-0.00000000e+00j]],\n",
      "\n",
      "       [[ 5.54619750e+05+2.67756404e-05j,\n",
      "          7.18983887e+03-3.14354126e+02j,\n",
      "          1.36767383e+03+2.30484692e+03j],\n",
      "        [ 7.18983887e+03+3.14354126e+02j,\n",
      "          5.54619750e+05-1.65381280e-05j,\n",
      "         -1.01593447e+04+5.46276172e+03j],\n",
      "        [ 1.36767383e+03-2.30484692e+03j,\n",
      "         -1.01593447e+04-5.46276172e+03j,\n",
      "          5.54619750e+05-0.00000000e+00j]],\n",
      "\n",
      "       [[ 5.54629188e+05-2.56073326e-06j,\n",
      "         -5.92283154e+03+2.82513818e+03j,\n",
      "          7.24596484e+03+6.18550000e+03j],\n",
      "        [-5.92283154e+03-2.82513818e+03j,\n",
      "          5.54629250e+05-2.00816576e-05j,\n",
      "         -2.56205688e+03+1.73992627e+03j],\n",
      "        [ 7.24596484e+03-6.18550000e+03j,\n",
      "         -2.56205688e+03-1.73992627e+03j,\n",
      "          5.54629250e+05-0.00000000e+00j]]], dtype=complex64))\n",
      "('adding ', array([[[ 5.5464688e+05-1.1960408e-05j,  5.3491631e+03-4.3867402e+03j,\n",
      "          2.4753579e+03-1.1695015e+03j],\n",
      "        [ 5.3491631e+03+4.3867402e+03j,  5.5464688e+05+2.3555056e-05j,\n",
      "         -2.2273582e+03-5.4655884e+02j],\n",
      "        [ 2.4753579e+03+1.1695015e+03j, -2.2273582e+03+5.4655884e+02j,\n",
      "          5.5464688e+05-0.0000000e+00j]],\n",
      "\n",
      "       [[ 5.5463350e+05+5.6872559e-06j, -5.8061597e+03-1.3498962e+02j,\n",
      "         -6.2591494e+03-3.2616907e+03j],\n",
      "        [-5.8061597e+03+1.3498962e+02j,  5.5463350e+05-5.9052712e-05j,\n",
      "         -1.6458241e+03-4.7815337e+03j],\n",
      "        [-6.2591494e+03+3.2616907e+03j, -1.6458241e+03+4.7815337e+03j,\n",
      "          5.5463350e+05-0.0000000e+00j]],\n",
      "\n",
      "       [[ 5.5462400e+05-6.9648275e-05j, -1.0113328e+04+5.9008984e+02j,\n",
      "         -3.0319514e+03-7.4057188e+03j],\n",
      "        [-1.0113328e+04-5.9008984e+02j,  5.5462400e+05+5.0089739e-06j,\n",
      "          1.3872650e+03-1.6217539e+03j],\n",
      "        [-3.0319514e+03+7.4057188e+03j,  1.3872650e+03+1.6217539e+03j,\n",
      "          5.5462406e+05-0.0000000e+00j]],\n",
      "\n",
      "       [[ 5.5461862e+05+1.3472236e-06j,  2.3683176e+03-2.9660422e+03j,\n",
      "          1.1798652e+04-6.8999360e+03j],\n",
      "        [ 2.3683176e+03+2.9660422e+03j,  5.5461856e+05-4.4465989e-05j,\n",
      "          7.3854312e+03-2.4211467e+03j],\n",
      "        [ 1.1798652e+04+6.8999360e+03j,  7.3854312e+03+2.4211467e+03j,\n",
      "          5.5461862e+05-0.0000000e+00j]],\n",
      "\n",
      "       [[ 5.5461450e+05-1.2286649e-05j, -6.5380402e+02+1.1375254e+03j,\n",
      "         -2.5197441e+03-2.0200034e+03j],\n",
      "        [-6.5380402e+02-1.1375254e+03j,  5.5461444e+05+8.7371605e-05j,\n",
      "          1.3769978e+03-5.2182539e+03j],\n",
      "        [-2.5197441e+03+2.0200034e+03j,  1.3769978e+03+5.2182539e+03j,\n",
      "          5.5461444e+05-0.0000000e+00j]],\n",
      "\n",
      "       [[ 5.5461662e+05-8.3745108e-06j,  6.3939590e+03-4.9422314e+02j,\n",
      "          5.6113096e+03-1.5671177e+03j],\n",
      "        [ 6.3939590e+03+4.9422314e+02j,  5.5461662e+05+6.0605718e-05j,\n",
      "          9.9154756e+03-1.3732484e+04j],\n",
      "        [ 5.6113096e+03+1.5671177e+03j,  9.9154756e+03+1.3732484e+04j,\n",
      "          5.5461669e+05-0.0000000e+00j]],\n",
      "\n",
      "       [[ 5.5462150e+05-3.0041871e-05j, -5.2902148e+02-8.1238318e+02j,\n",
      "         -1.4122628e+03+5.9258311e+03j],\n",
      "        [-5.2902148e+02+8.1238318e+02j,  5.5462150e+05+6.0273578e-06j,\n",
      "          2.8998665e+03-1.0992276e+04j],\n",
      "        [-1.4122628e+03-5.9258311e+03j,  2.8998665e+03+1.0992276e+04j,\n",
      "          5.5462150e+05-0.0000000e+00j]],\n",
      "\n",
      "       [[ 5.5461975e+05-7.7872151e-05j,  3.7629927e+03-9.3408704e+02j,\n",
      "          4.6341006e+03+3.2731558e+03j],\n",
      "        [ 3.7629927e+03+9.3408704e+02j,  5.5461981e+05+9.5816213e-06j,\n",
      "         -8.1440625e+02+4.1365361e+03j],\n",
      "        [ 4.6341006e+03-3.2731558e+03j, -8.1440625e+02-4.1365361e+03j,\n",
      "          5.5461981e+05-0.0000000e+00j]],\n",
      "\n",
      "       [[ 5.5461975e+05-4.3856098e-06j,  5.5545142e+03-2.3502266e+03j,\n",
      "          9.5659619e+03-9.7043789e+03j],\n",
      "        [ 5.5545142e+03+2.3502266e+03j,  5.5461981e+05-1.6418831e-05j,\n",
      "          4.2759961e+03-3.5348298e+03j],\n",
      "        [ 9.5659619e+03+9.7043789e+03j,  4.2759961e+03+3.5348298e+03j,\n",
      "          5.5461981e+05-0.0000000e+00j]],\n",
      "\n",
      "       [[ 5.5462919e+05-1.4022140e-04j,  5.6323535e+03+2.5754248e+03j,\n",
      "          8.6869678e+03+6.0901924e+03j],\n",
      "        [ 5.6323535e+03-2.5754248e+03j,  5.5462925e+05+1.3716997e-05j,\n",
      "          1.7324209e+03-1.5797162e+03j],\n",
      "        [ 8.6869678e+03-6.0901924e+03j,  1.7324209e+03+1.5797162e+03j,\n",
      "          5.5462925e+05-0.0000000e+00j]]], dtype=complex64))\n",
      "('adding ', array([[[ 5.5464688e+05-5.0666749e-06j, -2.2143152e+03+2.9920879e+03j,\n",
      "         -2.0871147e+03-7.0389097e+03j],\n",
      "        [-2.2143152e+03-2.9920879e+03j,  5.5464688e+05+3.7354795e-05j,\n",
      "         -7.7768877e+03+5.9440869e+02j],\n",
      "        [-2.0871147e+03+7.0389097e+03j, -7.7768877e+03-5.9440869e+02j,\n",
      "          5.5464688e+05-0.0000000e+00j]],\n",
      "\n",
      "       [[ 5.5463350e+05+7.5999618e-05j, -5.0070781e+03-2.1459604e+03j,\n",
      "         -8.3459531e+03-4.7372064e+02j],\n",
      "        [-5.0070781e+03+2.1459604e+03j,  5.5463350e+05-1.3778413e-04j,\n",
      "          1.3502664e+04-5.0177163e+03j],\n",
      "        [-8.3459531e+03+4.7372064e+02j,  1.3502664e+04+5.0177163e+03j,\n",
      "          5.5463350e+05-0.0000000e+00j]],\n",
      "\n",
      "       [[ 5.5462400e+05+3.6532096e-05j, -2.3815640e+03-1.2566699e+03j,\n",
      "         -1.9045038e+03-4.2012793e+02j],\n",
      "        [-2.3815640e+03+1.2566699e+03j,  5.5462400e+05-4.9512520e-05j,\n",
      "          1.1990967e+02-8.2714478e+01j],\n",
      "        [-1.9045038e+03+4.2012793e+02j,  1.1990967e+02+8.2714478e+01j,\n",
      "          5.5462400e+05-0.0000000e+00j]],\n",
      "\n",
      "       [[ 5.5461856e+05+5.5166700e-05j, -1.7246707e+03-1.6005393e+03j,\n",
      "         -6.8026440e+02-3.0035586e+03j],\n",
      "        [-1.7246707e+03+1.6005393e+03j,  5.5461856e+05+1.0625529e-04j,\n",
      "          5.4437598e+02-7.5559111e+03j],\n",
      "        [-6.8026440e+02+3.0035586e+03j,  5.4437598e+02+7.5559111e+03j,\n",
      "          5.5461856e+05-0.0000000e+00j]],\n",
      "\n",
      "       [[ 5.5461444e+05+3.6573580e-05j, -2.0247808e+03-2.4691082e+03j,\n",
      "          1.9707476e+03+5.0290977e+03j],\n",
      "        [-2.0247808e+03+2.4691082e+03j,  5.5461444e+05-4.8449154e-05j,\n",
      "         -4.3222236e+03-3.9960840e+02j],\n",
      "        [ 1.9707476e+03-5.0290977e+03j, -4.3222236e+03+3.9960840e+02j,\n",
      "          5.5461438e+05-0.0000000e+00j]],\n",
      "\n",
      "       [[ 5.5461662e+05+5.8271624e-05j,  2.6578198e+02+1.2466097e+03j,\n",
      "         -3.4296384e+03-2.2799302e+03j],\n",
      "        [ 2.6578198e+02-1.2466097e+03j,  5.5461662e+05-1.1980528e-04j,\n",
      "          6.9254072e+03+1.8736985e+03j],\n",
      "        [-3.4296384e+03+2.2799302e+03j,  6.9254072e+03-1.8736985e+03j,\n",
      "          5.5461669e+05-0.0000000e+00j]],\n",
      "\n",
      "       [[ 5.5462150e+05-4.3320051e-05j, -1.1718164e+03+9.5573477e+03j,\n",
      "         -3.8447295e+03+8.4879541e+03j],\n",
      "        [-1.1718164e+03-9.5573477e+03j,  5.5462150e+05+2.5991965e-05j,\n",
      "         -6.4683154e+03-3.9343599e+03j],\n",
      "        [-3.8447295e+03-8.4879541e+03j, -6.4683154e+03+3.9343599e+03j,\n",
      "          5.5462150e+05-0.0000000e+00j]],\n",
      "\n",
      "       [[ 5.5461975e+05+8.0154459e-05j, -5.5692920e+03-1.8842417e+03j,\n",
      "         -1.3188315e+03+3.3691160e+03j],\n",
      "        [-5.5692920e+03+1.8842417e+03j,  5.5461975e+05-2.4619760e-05j,\n",
      "         -5.0746470e+03+8.5233457e+03j],\n",
      "        [-1.3188315e+03-3.3691160e+03j, -5.0746470e+03-8.5233457e+03j,\n",
      "          5.5461981e+05-0.0000000e+00j]],\n",
      "\n",
      "       [[ 5.5461975e+05+3.9569630e-05j, -2.6127544e+03-5.9305107e+03j,\n",
      "         -6.8598594e+03+2.9638901e+03j],\n",
      "        [-2.6127544e+03+5.9305107e+03j,  5.5461975e+05-1.1732240e-05j,\n",
      "         -1.2509004e+04+7.1604004e+01j],\n",
      "        [-6.8598594e+03-2.9638901e+03j, -1.2509004e+04-7.1604004e+01j,\n",
      "          5.5461975e+05-0.0000000e+00j]],\n",
      "\n",
      "       [[ 5.5462925e+05-4.1341649e-05j,  3.3492725e+03+5.8862563e+03j,\n",
      "          2.0095366e+03-2.8575610e+03j],\n",
      "        [ 3.3492725e+03-5.8862563e+03j,  5.5462919e+05+2.4229779e-05j,\n",
      "          4.9314619e+03-2.8140259e+01j],\n",
      "        [ 2.0095366e+03+2.8575610e+03j,  4.9314619e+03+2.8140259e+01j,\n",
      "          5.5462925e+05-0.0000000e+00j]]], dtype=complex64))\n",
      "('adding ', array([[[ 5.5464688e+05+1.74015167e-06j,  6.1628119e+02-3.85312500e+03j,\n",
      "         -1.5013323e+03+2.59086255e+03j],\n",
      "        [ 6.1628119e+02+3.85312500e+03j,  5.5464688e+05+2.91987126e-05j,\n",
      "          2.7700127e+03-6.87621191e+03j],\n",
      "        [-1.5013323e+03-2.59086255e+03j,  2.7700127e+03+6.87621191e+03j,\n",
      "          5.5464688e+05-0.00000000e+00j]],\n",
      "\n",
      "       [[ 5.5463350e+05-4.28734675e-05j,  3.0575923e+03+1.85961108e+03j,\n",
      "         -6.7933164e+03-5.86691113e+03j],\n",
      "        [ 3.0575923e+03-1.85961108e+03j,  5.5463350e+05-2.83617701e-05j,\n",
      "         -3.5740393e+02+6.51176270e+03j],\n",
      "        [-6.7933164e+03+5.86691113e+03j, -3.5740393e+02-6.51176270e+03j,\n",
      "          5.5463350e+05-0.00000000e+00j]],\n",
      "\n",
      "       [[ 5.5462400e+05-1.95249268e-05j,  2.7569927e+03+8.72815430e+03j,\n",
      "         -4.7599316e+02-1.43142273e+03j],\n",
      "        [ 2.7569927e+03-8.72815430e+03j,  5.5462400e+05+1.11391801e-05j,\n",
      "          7.6893359e+02-2.10985840e+03j],\n",
      "        [-4.7599316e+02+1.43142273e+03j,  7.6893359e+02+2.10985840e+03j,\n",
      "          5.5462412e+05-0.00000000e+00j]],\n",
      "\n",
      "       [[ 5.5461856e+05-7.22660188e-05j,  5.3152329e+03+1.63474182e+03j,\n",
      "         -2.2383777e+03+3.57877441e+02j],\n",
      "        [ 5.3152329e+03-1.63474182e+03j,  5.5461856e+05+1.44910475e-04j,\n",
      "          2.5490806e+03-3.16200635e+03j],\n",
      "        [-2.2383777e+03-3.57877441e+02j,  2.5490806e+03+3.16200635e+03j,\n",
      "          5.5461862e+05-0.00000000e+00j]],\n",
      "\n",
      "       [[ 5.5461444e+05-1.01578735e-05j,  2.2317300e+03-2.51076660e+03j,\n",
      "         -2.9757861e+03+4.16152686e+03j],\n",
      "        [ 2.2317300e+03+2.51076660e+03j,  5.5461444e+05+4.74690714e-05j,\n",
      "          7.5811670e+03+6.19889062e+03j],\n",
      "        [-2.9757861e+03-4.16152686e+03j,  7.5811670e+03-6.19889062e+03j,\n",
      "          5.5461438e+05-0.00000000e+00j]],\n",
      "\n",
      "       [[ 5.5461662e+05+4.86208592e-07j, -6.5566309e+02+7.32716016e+03j,\n",
      "         -7.1005977e+03-7.74295361e+03j],\n",
      "        [-6.5566309e+02-7.32716016e+03j,  5.5461662e+05-9.94028669e-05j,\n",
      "         -1.3659847e+04+5.47553711e+03j],\n",
      "        [-7.1005977e+03+7.74295361e+03j, -1.3659847e+04-5.47553711e+03j,\n",
      "          5.5461669e+05-0.00000000e+00j]],\n",
      "\n",
      "       [[ 5.5462150e+05+1.70781932e-05j, -1.0370498e+03+2.21184033e+03j,\n",
      "         -5.7530439e+03-2.86161572e+03j],\n",
      "        [-1.0370498e+03-2.21184033e+03j,  5.5462150e+05-5.06784017e-05j,\n",
      "          1.3774377e+03-2.56986328e+02j],\n",
      "        [-5.7530439e+03+2.86161572e+03j,  1.3774377e+03+2.56986328e+02j,\n",
      "          5.5462150e+05-0.00000000e+00j]],\n",
      "\n",
      "       [[ 5.5461975e+05-1.60878975e-04j,  1.5443333e+03+2.45015039e+03j,\n",
      "         -4.0649424e+03+1.32894531e+02j],\n",
      "        [ 1.5443333e+03-2.45015039e+03j,  5.5461975e+05+1.07860273e-04j,\n",
      "         -9.5364629e+03-4.03510229e+03j],\n",
      "        [-4.0649424e+03-1.32894531e+02j, -9.5364629e+03+4.03510229e+03j,\n",
      "          5.5461981e+05-0.00000000e+00j]],\n",
      "\n",
      "       [[ 5.5461975e+05-1.31520756e-05j,  1.1028167e+03+1.87695068e+03j,\n",
      "         -5.3028379e+03+7.81672363e+01j],\n",
      "        [ 1.1028167e+03-1.87695068e+03j,  5.5461975e+05+2.30608384e-05j,\n",
      "          2.2843206e+03-5.05829004e+03j],\n",
      "        [-5.3028379e+03-7.81672363e+01j,  2.2843206e+03+5.05829004e+03j,\n",
      "          5.5461981e+05-0.00000000e+00j]],\n",
      "\n",
      "       [[ 5.5462925e+05-4.69810984e-05j, -5.1773145e+03+7.36095337e+02j,\n",
      "          4.8131458e+02-1.43569128e+03j],\n",
      "        [-5.1773145e+03-7.36095337e+02j,  5.5462919e+05+3.94319650e-05j,\n",
      "         -3.6802766e+03+8.88711914e+02j],\n",
      "        [ 4.8131458e+02+1.43569128e+03j, -3.6802766e+03-8.88711914e+02j,\n",
      "          5.5462925e+05-0.00000000e+00j]]], dtype=complex64))\n"
     ]
    },
    {
     "name": "stdout",
     "output_type": "stream",
     "text": [
      "('adding ', array([[[ 5.5464688e+05+1.13259935e-04j, -7.7556726e+02-4.60124463e+03j,\n",
      "          3.2850061e+03-2.09622119e+03j],\n",
      "        [-7.7556726e+02+4.60124463e+03j,  5.5464688e+05-5.98351980e-05j,\n",
      "         -7.4629683e+03+1.14583125e+04j],\n",
      "        [ 3.2850061e+03+2.09622119e+03j, -7.4629683e+03-1.14583125e+04j,\n",
      "          5.5464694e+05-0.00000000e+00j]],\n",
      "\n",
      "       [[ 5.5463350e+05+9.56385993e-05j, -1.0591042e+04+1.84924353e+03j,\n",
      "         -8.8881729e+03+2.63935010e+03j],\n",
      "        [-1.0591042e+04-1.84924353e+03j,  5.5463350e+05+9.47831868e-05j,\n",
      "          6.4880122e+03-1.64618945e+03j],\n",
      "        [-8.8881729e+03-2.63935010e+03j,  6.4880122e+03+1.64618945e+03j,\n",
      "          5.5463350e+05-0.00000000e+00j]],\n",
      "\n",
      "       [[ 5.5462400e+05+9.92490095e-05j, -3.1955498e+03-6.27231152e+03j,\n",
      "         -7.7435645e+02-1.84726013e+03j],\n",
      "        [-3.1955498e+03+6.27231152e+03j,  5.5462400e+05-4.28349704e-05j,\n",
      "          2.9421311e+03-1.62578137e+03j],\n",
      "        [-7.7435645e+02+1.84726013e+03j,  2.9421311e+03+1.62578137e+03j,\n",
      "          5.5462406e+05-0.00000000e+00j]],\n",
      "\n",
      "       [[ 5.5461862e+05+5.24177012e-05j,  2.2849438e+03-7.88764844e+03j,\n",
      "         -3.5058572e+03-8.10064819e+02j],\n",
      "        [ 2.2849438e+03+7.88764844e+03j,  5.5461862e+05+1.38642554e-06j,\n",
      "         -7.2060605e+03-3.60429590e+03j],\n",
      "        [-3.5058572e+03+8.10064819e+02j, -7.2060605e+03+3.60429590e+03j,\n",
      "          5.5461856e+05-0.00000000e+00j]],\n",
      "\n",
      "       [[ 5.5461444e+05+2.78336393e-05j,  6.6789531e+03-2.69022607e+03j,\n",
      "         -3.2972886e+03+7.17879590e+03j],\n",
      "        [ 6.6789531e+03+2.69022607e+03j,  5.5461444e+05-2.83432873e-05j,\n",
      "         -9.0393564e+03+2.67777808e+03j],\n",
      "        [-3.2972886e+03-7.17879590e+03j, -9.0393564e+03-2.67777808e+03j,\n",
      "          5.5461444e+05-0.00000000e+00j]],\n",
      "\n",
      "       [[ 5.5461662e+05+2.29204452e-05j, -6.3732637e+03+8.97402893e+02j,\n",
      "         -1.3378643e+04+2.08236108e+03j],\n",
      "        [-6.3732637e+03-8.97402893e+02j,  5.5461662e+05+1.42602948e-06j,\n",
      "          3.3024585e+03+1.03974004e+04j],\n",
      "        [-1.3378643e+04-2.08236108e+03j,  3.3024585e+03-1.03974004e+04j,\n",
      "          5.5461662e+05-0.00000000e+00j]],\n",
      "\n",
      "       [[ 5.5462150e+05+9.36759243e-05j,  1.7059126e+03+1.48860645e+03j,\n",
      "          1.0296133e+03-7.44653564e+02j],\n",
      "        [ 1.7059126e+03-1.48860645e+03j,  5.5462150e+05-1.07931846e-05j,\n",
      "          5.0543359e+02-8.17382080e+02j],\n",
      "        [ 1.0296133e+03+7.44653564e+02j,  5.0543359e+02+8.17382080e+02j,\n",
      "          5.5462150e+05-0.00000000e+00j]],\n",
      "\n",
      "       [[ 5.5461975e+05+6.33494565e-05j,  4.4389233e+03-1.95059326e+03j,\n",
      "          3.4770723e+03+7.16721191e+02j],\n",
      "        [ 4.4389233e+03+1.95059326e+03j,  5.5461975e+05-3.90177083e-05j,\n",
      "          1.0312012e+01-2.23323682e+03j],\n",
      "        [ 3.4770723e+03-7.16721191e+02j,  1.0312012e+01+2.23323682e+03j,\n",
      "          5.5461981e+05-0.00000000e+00j]],\n",
      "\n",
      "       [[ 5.5461975e+05+5.06348333e-05j, -5.2570029e+03+3.55544922e+03j,\n",
      "         -1.4976379e+04-5.22258203e+03j],\n",
      "        [-5.2570029e+03-3.55544922e+03j,  5.5461975e+05-5.23312410e-05j,\n",
      "          6.1699458e+03+1.13037109e+00j],\n",
      "        [-1.4976379e+04+5.22258203e+03j,  6.1699458e+03-1.13037109e+00j,\n",
      "          5.5461975e+05-0.00000000e+00j]],\n",
      "\n",
      "       [[ 5.5462919e+05+8.04397787e-05j, -2.2008081e+03-1.60866736e+03j,\n",
      "          4.8859170e+03+1.04869414e+04j],\n",
      "        [-2.2008081e+03+1.60866736e+03j,  5.5462919e+05-2.39160308e-05j,\n",
      "          1.7085537e+03-1.11887959e+04j],\n",
      "        [ 4.8859170e+03-1.04869414e+04j,  1.7085537e+03+1.11887959e+04j,\n",
      "          5.5462925e+05-0.00000000e+00j]]], dtype=complex64))\n"
     ]
    }
   ],
   "source": [
    "vis = simulator.simulate()"
   ]
  },
  {
   "cell_type": "code",
   "execution_count": 13,
   "metadata": {
    "ExecuteTime": {
     "end_time": "2019-04-18T15:56:56.224552Z",
     "start_time": "2019-04-18T15:56:55.971875Z"
    }
   },
   "outputs": [
    {
     "data": {
